14 12
16 16 16 16 16 16 16 16 16 16 16 16 16 16
16 47 47 47 47 47 47 47 47 47 47 47 47 16
16 47 47 47 47 47 47 47 47 47 47 47 47 16
16 47 47 48 48 48 47 47 50 50 50 47 47 16
16 47 47 47 47 47 47 47 47 47 47 47 47 16
16 47 47 47 47 47 47 47 47 47 47 47 47 16
16 47 47 47 47 47 47 47 47 47 47 47 47 16
16 47 47 51 51 51 47 47 49 49 49 47 47 16
16 47 47 47 47 47 47 47 47 47 47 47 47 16
16 47 47 47 47 47 47 47 47 47 47 47 47 16
16 47 47 47 47 47 47 47 47 47 47 47 47 16
16 16 16 16 16 16 22 16 16 16 16 16 16 16