17 15
53 53 53 54 53 53 54 53 53 53 54 53 53 53 54 53 53
54 52 52 52 52 52 52 52 52 52 52 52 52 52 52 52 54
53 52 52 52 52 52 52 52 52 52 52 52 52 52 52 52 53
53 52 52 52 52 52 52 52 52 52 52 52 52 52 52 52 53
53 52 52 52 52 52 52 52 52 52 52 52 52 52 52 52 54
54 52 52 52 52 52 52 52 52 52 52 52 52 52 52 52 53
53 52 52 52 52 52 52 52 52 52 52 52 52 52 52 52 53
53 52 52 52 52 52 52 52 52 52 52 52 52 52 52 52 53
54 52 52 52 52 52 52 52 52 52 52 52 52 52 52 52 53
53 52 52 52 52 52 52 52 52 52 52 52 52 52 52 52 54
54 52 52 52 52 52 52 52 52 52 52 52 52 52 52 52 53
53 52 52 52 52 52 52 52 52 52 52 52 52 52 52 52 53
54 52 52 52 52 52 52 52 52 52 52 52 52 52 52 52 53
53 52 53 53 52 52 52 54 53 52 52 52 54 53 52 53 54
53 54 53 53 54 22 53 53 53 53 54 53 53 53 54 53 53